function F=myfun(k1)
    F=2-k1*0.0049-1.9608+sqrt((k1*0.0049-1.9608)^2-4*(0.9608+k1*0.0049));
end